%YAML:1.0

#--------------------------------------------------------------------------------------------
# Camera Parameters. Adjust them!
#--------------------------------------------------------------------------------------------
File.version: "1.0"

Camera.type: "KannalaBrandt8"

# Left Camera calibration and distortion parameters (OpenCV)
Camera1.fx: 285.82002842632926
Camera1.fy: 286.39201013451094
Camera1.cx: 424.9534349110273
Camera1.cy: 396.62750983243376

# Kannala-Brandt distortion parameters
Camera1.k1: -0.0060484133288653714
Camera1.k2:  0.042222609684972684
Camera1.k3: -0.04001457783565841
Camera1.k4: 0.007268133385671889

# Right Camera calibration and distortion parameters (OpenCV)
Camera2.fx: 286.5364970064857
Camera2.fy: 287.19439276175706
Camera2.cx: 424.31946287546856
Camera2.cy: 396.3415411992376

# Kannala-Brandt distortion parameters
Camera2.k1: -0.005937201349356227
Camera2.k2: 0.040942594028177265
Camera2.k3: -0.04046713118392198
Camera2.k4: 0.007446253025715504
    
# Transformation matrix from right camera to left camera
Stereo.T_c1_c2: !!opencv-matrix
  rows: 4
  cols: 4
  dt: f
  data: [ 9.99979824e-01,  6.19970261e-03,  1.38411194e-03, 6.40931652e-02,
         -6.20322636e-03,  9.99977493e-01,  2.55624740e-03, -5.59134223e-04,
         -1.36823281e-03, -2.56478178e-03,  9.99995775e-01, -6.17149296e-04,
          0.0, 0.0, 0.0, 1.0]

# Overlapping area between images (to be updated)
Camera1.overlappingBegin: 0
Camera1.overlappingEnd: 848

Camera2.overlappingBegin: 0
Camera2.overlappingEnd: 848

# Camera resolution
Camera.width: 848
Camera.height: 800

# Camera frames per second 
Camera.fps: 30

# Color order of the images (0: BGR, 1: RGB. It is ignored if images are grayscale)
Camera.RGB: 1

# Close/Far threshold. Baseline times.
Stereo.ThDepth: 40.0

#--------------------------------------------------------------------------------------------
# IMU Parameters
#--------------------------------------------------------------------------------------------

# Transformation from body-frame (imu) to left camera
IMU.T_b_c1: !!opencv-matrix
   rows: 4
   cols: 4
   dt: f
   data: [-9.99960067e-01,  6.31627483e-03,  6.32204312e-03, 1.29057097e-02,
           -6.32075483e-03, -9.99979787e-01, -6.88902218e-04, 4.78135333e-03,
           6.31756404e-03, -7.28834793e-04,  9.99979778e-01, -7.78434454e-05,
           0.0, 0.0, 0.0, 1.0]

# Do not insert KFs when recently lost
IMU.InsertKFsWhenLost: 0

# IMU noise
# IMU.NoiseGyro: 0.01 # 2.44e-4 #1e-3 # rad/s^0.5
# IMU.NoiseAcc: 0.1  # 1.47e-3 #1e-2 # m/s^1.5
# IMU.GyroWalk: 0.0001 # rad/s^1.5
# IMU.AccWalk: 0.001 # m/s^2.5
# IMU.Frequency: 200.0
IMU.NoiseGyro: 0.0025377988014162068 # 0.000005148030141 # rad/s^0.5 
IMU.NoiseAcc: 0.012566092190412638 # 0.000066952452471 # m/s^1.5
IMU.GyroWalk: 5.7816895265149615e-05 # rad/s^1.5
IMU.AccWalk: 0.0013378465829194741 # m/s^2.5
IMU.Frequency: 200.0


#--------------------------------------------------------------------------------------------
# ORB Parameters
#--------------------------------------------------------------------------------------------

# ORB Extractor: Number of features per image
ORBextractor.nFeatures: 1000 # Tested with 1250

# ORB Extractor: Scale factor between levels in the scale pyramid 	
ORBextractor.scaleFactor: 1.2

# ORB Extractor: Number of levels in the scale pyramid	
ORBextractor.nLevels: 8

# ORB Extractor: Fast threshold
# Image is divided in a grid. At each cell FAST are extracted imposing a minimum response.
# Firstly we impose iniThFAST. If no corners are detected we impose a lower value minThFAST
# You can lower these values if your images have low contrast			
ORBextractor.iniThFAST: 20
ORBextractor.minThFAST: 10

#--------------------------------------------------------------------------------------------
# Viewer Parameters
#--------------------------------------------------------------------------------------------
Viewer.KeyFrameSize: 0.05
Viewer.KeyFrameLineWidth: 1.0
Viewer.GraphLineWidth: 0.9
Viewer.PointSize: 2.0
Viewer.CameraSize: 0.08
Viewer.CameraLineWidth: 3.0
Viewer.ViewpointX: 0.0
Viewer.ViewpointY: -0.7
Viewer.ViewpointZ: -3.5
Viewer.ViewpointF: 500.0
Viewer.imageViewScale: 2.0
